0
2
7
8
8
8
8
9
10
10
39
5043
5048
5055
5056
5057
5057
5057
5060
5063
5063
5076
5077
5077
5080
5080
5094
5094
5097
5098
5098
5103
5104
5104
5111
5111
5118
5119
5119
5119
5124
5124
5125
5125
5125
5125
5126
5129
5133
5136
5138
5140
5145
5146
5147
5148
5149
5153
5154
5154
5154
7079
7079
7079
7683
7684
7684
7685
7685
9081
9081
9081
10936
10937
10937
10937
10938
11082
11083
11083
13086
13086
13086
15090
15090
15091
17093
17093
17094
19096
19097
19097
21099
21100
21100
23102
23103
23103
25105
25105
25105
27108
27109
27109
29111
29112
29112
31115
31115
31115
33117
33117
33118
35121
35121
35121
37124
37125
37125
39127
39127
39128
39701
39701
39701
39702
39702
41130
41131
41131
43134
43135
43135
45139
45140
45140
47143
47143
47143
49147
49147
49148
51151
51151
51151
53154
53155
53155
55159
55159
55159
57162
57163
57163
59165
59166
59166
